2060

On-the-fly decryption engine (OTFDEC)

RM0456

0

0

0

0

0

0

0

0

0

0

0

0

0

0

0

0

0

0

0

0

0

0

0

0

0

0

0

0

0

0

0

0

0

0

0

0

0

0

0

0

0

0

0

0

0

0

0

0

0

0

0

0

0

0

0

0

0

0

0

0

0

0

0

0

0

0

0

0

0

0

0

0

0

0

0

0

0

0

0

0

0

0

0

0

0

REG_EN

0

KEYLOCK

0

CONFIGLOCK

0

0

0

0

0

0

0

0

0

0

0

0

0

0

0

0

0

0

0

0

0

0

0

0

0

0

0

0

0

0

0

0

0

0

0

0

0

0

0

0

0

0

0

0

0

0

0

0

0

0

0

0

0

0

0

0

0

0

0

0

0

0

0

0

0

0

0

0

0

0

0

0

0

0

0

0

0

0

0

0

0

KEYCRC[7:0]

0

0

0

0

0

0

0

0

0

0

0

0

0

0

0

0

0

0

0

0

0

0

0

0

0

0

0

0

0

0

0

0

0

0

0

0

0

0

0

0

0

0

REG2_START_ADDR[31:0]
0

0

0

0

0

0

0

0

0

0

0

0

0

0

0

0

0

0

0

0

REG2_END_ADDR[31:0]
0

0

0

0

0

0

0

0

0

0

0

0

0

0

0

0

0

0

0

REG2_NONCE[31:0]
0

0

0

0

0

0

0

0

0

0

0

0

0

0

0

0

0

0

0

REG2_NONCE[63:32]
0

0

0

0

0

0

0

0

0

0

0

0

0

0

0

0

0

0

0

REG2_KEY[31:0]
0

0

0

0

0

0

0

0

0

0

0

0

0

0

0

0

0

0

0

REG2_KEY[63:32]
0

0

0

0

0

0

0

0

0

0

0

0

0

0

0

0

0

0

0

REG2_KEY[95:64]
0

0

0

0

0

0

0

0

0

0

0

0

0

0

0

0

0

0

0

REG2_KEY[127:96]
0

0

0

0

0

0

0

0

0

0

0

0

0

0

0

0

0

0

0

REG3_VERSION[15:0]

0

0

0

0

0

0

0

0

0

0

0

KEYCRC[7:0]

0

0

0

0

0

0

0

0

0

0

0

0

0

0

0

0

0

0

0

0

0

0

0

0

0

0

REG_EN

Reserved

0

0

0

0

0

0

0

0

0

0

0

0

0

0

0

0

0

REG3_START_ADDR[31:0]
0

0

0

0

0

0

0

0

0

0

0

0

OTFDEC_
R3ENDADDR