3291

USB on-the-go full-speed (OTG_FS)

RM0456

0

0

0

0

0

0

0

0

0

0

0

0

0

0

0

0

1

1

0

LPMCHIDX

LPM
RSP

0

0

0

0

0

0

0

0

0

0

0

BESLTHRS

0

0

0

0

0

0

0

1

0

0

0

0

0

0

1

0

0

0

0

0

0

0

0

0

0

0

0

0

0

0

0

0

0

0

0

0

0

0

0

0

0

1

0

0

0

0

0

0

0

0

0

0

0

0

0

0

0

0

0

0

0

0

0

0

0

0

0

0

0

0

INEPTXSA

0

0

0

0

0

0

0

0

0

0

0

0

1

0

0

0

0

INEPTXSA

0

0

0

0

0

0

0

0

0

0

0

0

1

1

0

0

0

0

0

1

1

0

0

0

0

Res.

0